# Static node positions — 6 nodes, 120s duration, 0.5s interval
# Coordinates from Cooja screenshot
# Format: moteIndex(0-based) time(s) x(m) y(m)
#
# moteIndex  Cooja ID   x(m)     y(m)
#     0          1      17.03    48.53
#     1          2      39.74    29.98
#     2          3      63.92    49.41
#     3          4      82.09    28.98
#     4          5     107.50    49.81
#     5          6     130.30    28.78
#
0 0.0 17.03 48.53
1 0.0 39.74 29.98
2 0.0 63.92 49.41
3 0.0 82.09 28.98
4 0.0 107.50 49.81
5 0.0 130.30 28.78
0 0.5 17.03 48.53
1 0.5 39.74 29.98
2 0.5 63.92 49.41
3 0.5 82.09 28.98
4 0.5 107.50 49.81
5 0.5 130.30 28.78
0 1.0 17.03 48.53
1 1.0 39.74 29.98
2 1.0 63.92 49.41
3 1.0 82.09 28.98
4 1.0 107.50 49.81
5 1.0 130.30 28.78
0 1.5 17.03 48.53
1 1.5 39.74 29.98
2 1.5 63.92 49.41
3 1.5 82.09 28.98
4 1.5 107.50 49.81
5 1.5 130.30 28.78
0 2.0 17.03 48.53
1 2.0 39.74 29.98
2 2.0 63.92 49.41
3 2.0 82.09 28.98
4 2.0 107.50 49.81
5 2.0 130.30 28.78
0 2.5 17.03 48.53
1 2.5 39.74 29.98
2 2.5 63.92 49.41
3 2.5 82.09 28.98
4 2.5 107.50 49.81
5 2.5 130.30 28.78
0 3.0 17.03 48.53
1 3.0 39.74 29.98
2 3.0 63.92 49.41
3 3.0 82.09 28.98
4 3.0 107.50 49.81
5 3.0 130.30 28.78
0 3.5 17.03 48.53
1 3.5 39.74 29.98
2 3.5 63.92 49.41
3 3.5 82.09 28.98
4 3.5 107.50 49.81
5 3.5 130.30 28.78
0 4.0 17.03 48.53
1 4.0 39.74 29.98
2 4.0 63.92 49.41
3 4.0 82.09 28.98
4 4.0 107.50 49.81
5 4.0 130.30 28.78
0 4.5 17.03 48.53
1 4.5 39.74 29.98
2 4.5 63.92 49.41
3 4.5 82.09 28.98
4 4.5 107.50 49.81
5 4.5 130.30 28.78
0 5.0 17.03 48.53
1 5.0 39.74 29.98
2 5.0 63.92 49.41
3 5.0 82.09 28.98
4 5.0 107.50 49.81
5 5.0 130.30 28.78
0 5.5 17.03 48.53
1 5.5 39.74 29.98
2 5.5 63.92 49.41
3 5.5 82.09 28.98
4 5.5 107.50 49.81
5 5.5 130.30 28.78
0 6.0 17.03 48.53
1 6.0 39.74 29.98
2 6.0 63.92 49.41
3 6.0 82.09 28.98
4 6.0 107.50 49.81
5 6.0 130.30 28.78
0 6.5 17.03 48.53
1 6.5 39.74 29.98
2 6.5 63.92 49.41
3 6.5 82.09 28.98
4 6.5 107.50 49.81
5 6.5 130.30 28.78
0 7.0 17.03 48.53
1 7.0 39.74 29.98
2 7.0 63.92 49.41
3 7.0 82.09 28.98
4 7.0 107.50 49.81
5 7.0 130.30 28.78
0 7.5 17.03 48.53
1 7.5 39.74 29.98
2 7.5 63.92 49.41
3 7.5 82.09 28.98
4 7.5 107.50 49.81
5 7.5 130.30 28.78
0 8.0 17.03 48.53
1 8.0 39.74 29.98
2 8.0 63.92 49.41
3 8.0 82.09 28.98
4 8.0 107.50 49.81
5 8.0 130.30 28.78
0 8.5 17.03 48.53
1 8.5 39.74 29.98
2 8.5 63.92 49.41
3 8.5 82.09 28.98
4 8.5 107.50 49.81
5 8.5 130.30 28.78
0 9.0 17.03 48.53
1 9.0 39.74 29.98
2 9.0 63.92 49.41
3 9.0 82.09 28.98
4 9.0 107.50 49.81
5 9.0 130.30 28.78
0 9.5 17.03 48.53
1 9.5 39.74 29.98
2 9.5 63.92 49.41
3 9.5 82.09 28.98
4 9.5 107.50 49.81
5 9.5 130.30 28.78
0 10.0 17.03 48.53
1 10.0 39.74 29.98
2 10.0 63.92 49.41
3 10.0 82.09 28.98
4 10.0 107.50 49.81
5 10.0 130.30 28.78
0 10.5 17.03 48.53
1 10.5 39.74 29.98
2 10.5 63.92 49.41
3 10.5 82.09 28.98
4 10.5 107.50 49.81
5 10.5 130.30 28.78
0 11.0 17.03 48.53
1 11.0 39.74 29.98
2 11.0 63.92 49.41
3 11.0 82.09 28.98
4 11.0 107.50 49.81
5 11.0 130.30 28.78
0 11.5 17.03 48.53
1 11.5 39.74 29.98
2 11.5 63.92 49.41
3 11.5 82.09 28.98
4 11.5 107.50 49.81
5 11.5 130.30 28.78
0 12.0 17.03 48.53
1 12.0 39.74 29.98
2 12.0 63.92 49.41
3 12.0 82.09 28.98
4 12.0 107.50 49.81
5 12.0 130.30 28.78
0 12.5 17.03 48.53
1 12.5 39.74 29.98
2 12.5 63.92 49.41
3 12.5 82.09 28.98
4 12.5 107.50 49.81
5 12.5 130.30 28.78
0 13.0 17.03 48.53
1 13.0 39.74 29.98
2 13.0 63.92 49.41
3 13.0 82.09 28.98
4 13.0 107.50 49.81
5 13.0 130.30 28.78
0 13.5 17.03 48.53
1 13.5 39.74 29.98
2 13.5 63.92 49.41
3 13.5 82.09 28.98
4 13.5 107.50 49.81
5 13.5 130.30 28.78
0 14.0 17.03 48.53
1 14.0 39.74 29.98
2 14.0 63.92 49.41
3 14.0 82.09 28.98
4 14.0 107.50 49.81
5 14.0 130.30 28.78
0 14.5 17.03 48.53
1 14.5 39.74 29.98
2 14.5 63.92 49.41
3 14.5 82.09 28.98
4 14.5 107.50 49.81
5 14.5 130.30 28.78
0 15.0 17.03 48.53
1 15.0 39.74 29.98
2 15.0 63.92 49.41
3 15.0 82.09 28.98
4 15.0 107.50 49.81
5 15.0 130.30 28.78
0 15.5 17.03 48.53
1 15.5 39.74 29.98
2 15.5 63.92 49.41
3 15.5 82.09 28.98
4 15.5 107.50 49.81
5 15.5 130.30 28.78
0 16.0 17.03 48.53
1 16.0 39.74 29.98
2 16.0 63.92 49.41
3 16.0 82.09 28.98
4 16.0 107.50 49.81
5 16.0 130.30 28.78
0 16.5 17.03 48.53
1 16.5 39.74 29.98
2 16.5 63.92 49.41
3 16.5 82.09 28.98
4 16.5 107.50 49.81
5 16.5 130.30 28.78
0 17.0 17.03 48.53
1 17.0 39.74 29.98
2 17.0 63.92 49.41
3 17.0 82.09 28.98
4 17.0 107.50 49.81
5 17.0 130.30 28.78
0 17.5 17.03 48.53
1 17.5 39.74 29.98
2 17.5 63.92 49.41
3 17.5 82.09 28.98
4 17.5 107.50 49.81
5 17.5 130.30 28.78
0 18.0 17.03 48.53
1 18.0 39.74 29.98
2 18.0 63.92 49.41
3 18.0 82.09 28.98
4 18.0 107.50 49.81
5 18.0 130.30 28.78
0 18.5 17.03 48.53
1 18.5 39.74 29.98
2 18.5 63.92 49.41
3 18.5 82.09 28.98
4 18.5 107.50 49.81
5 18.5 130.30 28.78
0 19.0 17.03 48.53
1 19.0 39.74 29.98
2 19.0 63.92 49.41
3 19.0 82.09 28.98
4 19.0 107.50 49.81
5 19.0 130.30 28.78
0 19.5 17.03 48.53
1 19.5 39.74 29.98
2 19.5 63.92 49.41
3 19.5 82.09 28.98
4 19.5 107.50 49.81
5 19.5 130.30 28.78
0 20.0 17.03 48.53
1 20.0 39.74 29.98
2 20.0 63.92 49.41
3 20.0 82.09 28.98
4 20.0 107.50 49.81
5 20.0 130.30 28.78
0 20.5 17.03 48.53
1 20.5 39.74 29.98
2 20.5 63.92 49.41
3 20.5 82.09 28.98
4 20.5 107.50 49.81
5 20.5 130.30 28.78
0 21.0 17.03 48.53
1 21.0 39.74 29.98
2 21.0 63.92 49.41
3 21.0 82.09 28.98
4 21.0 107.50 49.81
5 21.0 130.30 28.78
0 21.5 17.03 48.53
1 21.5 39.74 29.98
2 21.5 63.92 49.41
3 21.5 82.09 28.98
4 21.5 107.50 49.81
5 21.5 130.30 28.78
0 22.0 17.03 48.53
1 22.0 39.74 29.98
2 22.0 63.92 49.41
3 22.0 82.09 28.98
4 22.0 107.50 49.81
5 22.0 130.30 28.78
0 22.5 17.03 48.53
1 22.5 39.74 29.98
2 22.5 63.92 49.41
3 22.5 82.09 28.98
4 22.5 107.50 49.81
5 22.5 130.30 28.78
0 23.0 17.03 48.53
1 23.0 39.74 29.98
2 23.0 63.92 49.41
3 23.0 82.09 28.98
4 23.0 107.50 49.81
5 23.0 130.30 28.78
0 23.5 17.03 48.53
1 23.5 39.74 29.98
2 23.5 63.92 49.41
3 23.5 82.09 28.98
4 23.5 107.50 49.81
5 23.5 130.30 28.78
0 24.0 17.03 48.53
1 24.0 39.74 29.98
2 24.0 63.92 49.41
3 24.0 82.09 28.98
4 24.0 107.50 49.81
5 24.0 130.30 28.78
0 24.5 17.03 48.53
1 24.5 39.74 29.98
2 24.5 63.92 49.41
3 24.5 82.09 28.98
4 24.5 107.50 49.81
5 24.5 130.30 28.78
0 25.0 17.03 48.53
1 25.0 39.74 29.98
2 25.0 63.92 49.41
3 25.0 82.09 28.98
4 25.0 107.50 49.81
5 25.0 130.30 28.78
0 25.5 17.03 48.53
1 25.5 39.74 29.98
2 25.5 63.92 49.41
3 25.5 82.09 28.98
4 25.5 107.50 49.81
5 25.5 130.30 28.78
0 26.0 17.03 48.53
1 26.0 39.74 29.98
2 26.0 63.92 49.41
3 26.0 82.09 28.98
4 26.0 107.50 49.81
5 26.0 130.30 28.78
0 26.5 17.03 48.53
1 26.5 39.74 29.98
2 26.5 63.92 49.41
3 26.5 82.09 28.98
4 26.5 107.50 49.81
5 26.5 130.30 28.78
0 27.0 17.03 48.53
1 27.0 39.74 29.98
2 27.0 63.92 49.41
3 27.0 82.09 28.98
4 27.0 107.50 49.81
5 27.0 130.30 28.78
0 27.5 17.03 48.53
1 27.5 39.74 29.98
2 27.5 63.92 49.41
3 27.5 82.09 28.98
4 27.5 107.50 49.81
5 27.5 130.30 28.78
0 28.0 17.03 48.53
1 28.0 39.74 29.98
2 28.0 63.92 49.41
3 28.0 82.09 28.98
4 28.0 107.50 49.81
5 28.0 130.30 28.78
0 28.5 17.03 48.53
1 28.5 39.74 29.98
2 28.5 63.92 49.41
3 28.5 82.09 28.98
4 28.5 107.50 49.81
5 28.5 130.30 28.78
0 29.0 17.03 48.53
1 29.0 39.74 29.98
2 29.0 63.92 49.41
3 29.0 82.09 28.98
4 29.0 107.50 49.81
5 29.0 130.30 28.78
0 29.5 17.03 48.53
1 29.5 39.74 29.98
2 29.5 63.92 49.41
3 29.5 82.09 28.98
4 29.5 107.50 49.81
5 29.5 130.30 28.78
0 30.0 17.03 48.53
1 30.0 39.74 29.98
2 30.0 63.92 49.41
3 30.0 82.09 28.98
4 30.0 107.50 49.81
5 30.0 130.30 28.78
0 30.5 17.03 48.53
1 30.5 39.74 29.98
2 30.5 63.92 49.41
3 30.5 82.09 28.98
4 30.5 107.50 49.81
5 30.5 130.30 28.78
0 31.0 17.03 48.53
1 31.0 39.74 29.98
2 31.0 63.92 49.41
3 31.0 82.09 28.98
4 31.0 107.50 49.81
5 31.0 130.30 28.78
0 31.5 17.03 48.53
1 31.5 39.74 29.98
2 31.5 63.92 49.41
3 31.5 82.09 28.98
4 31.5 107.50 49.81
5 31.5 130.30 28.78
0 32.0 17.03 48.53
1 32.0 39.74 29.98
2 32.0 63.92 49.41
3 32.0 82.09 28.98
4 32.0 107.50 49.81
5 32.0 130.30 28.78
0 32.5 17.03 48.53
1 32.5 39.74 29.98
2 32.5 63.92 49.41
3 32.5 82.09 28.98
4 32.5 107.50 49.81
5 32.5 130.30 28.78
0 33.0 17.03 48.53
1 33.0 39.74 29.98
2 33.0 63.92 49.41
3 33.0 82.09 28.98
4 33.0 107.50 49.81
5 33.0 130.30 28.78
0 33.5 17.03 48.53
1 33.5 39.74 29.98
2 33.5 63.92 49.41
3 33.5 82.09 28.98
4 33.5 107.50 49.81
5 33.5 130.30 28.78
0 34.0 17.03 48.53
1 34.0 39.74 29.98
2 34.0 63.92 49.41
3 34.0 82.09 28.98
4 34.0 107.50 49.81
5 34.0 130.30 28.78
0 34.5 17.03 48.53
1 34.5 39.74 29.98
2 34.5 63.92 49.41
3 34.5 82.09 28.98
4 34.5 107.50 49.81
5 34.5 130.30 28.78
0 35.0 17.03 48.53
1 35.0 39.74 29.98
2 35.0 63.92 49.41
3 35.0 82.09 28.98
4 35.0 107.50 49.81
5 35.0 130.30 28.78
0 35.5 17.03 48.53
1 35.5 39.74 29.98
2 35.5 63.92 49.41
3 35.5 82.09 28.98
4 35.5 107.50 49.81
5 35.5 130.30 28.78
0 36.0 17.03 48.53
1 36.0 39.74 29.98
2 36.0 63.92 49.41
3 36.0 82.09 28.98
4 36.0 107.50 49.81
5 36.0 130.30 28.78
0 36.5 17.03 48.53
1 36.5 39.74 29.98
2 36.5 63.92 49.41
3 36.5 82.09 28.98
4 36.5 107.50 49.81
5 36.5 130.30 28.78
0 37.0 17.03 48.53
1 37.0 39.74 29.98
2 37.0 63.92 49.41
3 37.0 82.09 28.98
4 37.0 107.50 49.81
5 37.0 130.30 28.78
0 37.5 17.03 48.53
1 37.5 39.74 29.98
2 37.5 63.92 49.41
3 37.5 82.09 28.98
4 37.5 107.50 49.81
5 37.5 130.30 28.78
0 38.0 17.03 48.53
1 38.0 39.74 29.98
2 38.0 63.92 49.41
3 38.0 82.09 28.98
4 38.0 107.50 49.81
5 38.0 130.30 28.78
0 38.5 17.03 48.53
1 38.5 39.74 29.98
2 38.5 63.92 49.41
3 38.5 82.09 28.98
4 38.5 107.50 49.81
5 38.5 130.30 28.78
0 39.0 17.03 48.53
1 39.0 39.74 29.98
2 39.0 63.92 49.41
3 39.0 82.09 28.98
4 39.0 107.50 49.81
5 39.0 130.30 28.78
0 39.5 17.03 48.53
1 39.5 39.74 29.98
2 39.5 63.92 49.41
3 39.5 82.09 28.98
4 39.5 107.50 49.81
5 39.5 130.30 28.78
0 40.0 17.03 48.53
1 40.0 39.74 29.98
2 40.0 63.92 49.41
3 40.0 82.09 28.98
4 40.0 107.50 49.81
5 40.0 130.30 28.78
0 40.5 17.03 48.53
1 40.5 39.74 29.98
2 40.5 63.92 49.41
3 40.5 82.09 28.98
4 40.5 107.50 49.81
5 40.5 130.30 28.78
0 41.0 17.03 48.53
1 41.0 39.74 29.98
2 41.0 63.92 49.41
3 41.0 82.09 28.98
4 41.0 107.50 49.81
5 41.0 130.30 28.78
0 41.5 17.03 48.53
1 41.5 39.74 29.98
2 41.5 63.92 49.41
3 41.5 82.09 28.98
4 41.5 107.50 49.81
5 41.5 130.30 28.78
0 42.0 17.03 48.53
1 42.0 39.74 29.98
2 42.0 63.92 49.41
3 42.0 82.09 28.98
4 42.0 107.50 49.81
5 42.0 130.30 28.78
0 42.5 17.03 48.53
1 42.5 39.74 29.98
2 42.5 63.92 49.41
3 42.5 82.09 28.98
4 42.5 107.50 49.81
5 42.5 130.30 28.78
0 43.0 17.03 48.53
1 43.0 39.74 29.98
2 43.0 63.92 49.41
3 43.0 82.09 28.98
4 43.0 107.50 49.81
5 43.0 130.30 28.78
0 43.5 17.03 48.53
1 43.5 39.74 29.98
2 43.5 63.92 49.41
3 43.5 82.09 28.98
4 43.5 107.50 49.81
5 43.5 130.30 28.78
0 44.0 17.03 48.53
1 44.0 39.74 29.98
2 44.0 63.92 49.41
3 44.0 82.09 28.98
4 44.0 107.50 49.81
5 44.0 130.30 28.78
0 44.5 17.03 48.53
1 44.5 39.74 29.98
2 44.5 63.92 49.41
3 44.5 82.09 28.98
4 44.5 107.50 49.81
5 44.5 130.30 28.78
0 45.0 17.03 48.53
1 45.0 39.74 29.98
2 45.0 63.92 49.41
3 45.0 82.09 28.98
4 45.0 107.50 49.81
5 45.0 130.30 28.78
0 45.5 17.03 48.53
1 45.5 39.74 29.98
2 45.5 63.92 49.41
3 45.5 82.09 28.98
4 45.5 107.50 49.81
5 45.5 130.30 28.78
0 46.0 17.03 48.53
1 46.0 39.74 29.98
2 46.0 63.92 49.41
3 46.0 82.09 28.98
4 46.0 107.50 49.81
5 46.0 130.30 28.78
0 46.5 17.03 48.53
1 46.5 39.74 29.98
2 46.5 63.92 49.41
3 46.5 82.09 28.98
4 46.5 107.50 49.81
5 46.5 130.30 28.78
0 47.0 17.03 48.53
1 47.0 39.74 29.98
2 47.0 63.92 49.41
3 47.0 82.09 28.98
4 47.0 107.50 49.81
5 47.0 130.30 28.78
0 47.5 17.03 48.53
1 47.5 39.74 29.98
2 47.5 63.92 49.41
3 47.5 82.09 28.98
4 47.5 107.50 49.81
5 47.5 130.30 28.78
0 48.0 17.03 48.53
1 48.0 39.74 29.98
2 48.0 63.92 49.41
3 48.0 82.09 28.98
4 48.0 107.50 49.81
5 48.0 130.30 28.78
0 48.5 17.03 48.53
1 48.5 39.74 29.98
2 48.5 63.92 49.41
3 48.5 82.09 28.98
4 48.5 107.50 49.81
5 48.5 130.30 28.78
0 49.0 17.03 48.53
1 49.0 39.74 29.98
2 49.0 63.92 49.41
3 49.0 82.09 28.98
4 49.0 107.50 49.81
5 49.0 130.30 28.78
0 49.5 17.03 48.53
1 49.5 39.74 29.98
2 49.5 63.92 49.41
3 49.5 82.09 28.98
4 49.5 107.50 49.81
5 49.5 130.30 28.78
0 50.0 17.03 48.53
1 50.0 39.74 29.98
2 50.0 63.92 49.41
3 50.0 82.09 28.98
4 50.0 107.50 49.81
5 50.0 130.30 28.78
0 50.5 17.03 48.53
1 50.5 39.74 29.98
2 50.5 63.92 49.41
3 50.5 82.09 28.98
4 50.5 107.50 49.81
5 50.5 130.30 28.78
0 51.0 17.03 48.53
1 51.0 39.74 29.98
2 51.0 63.92 49.41
3 51.0 82.09 28.98
4 51.0 107.50 49.81
5 51.0 130.30 28.78
0 51.5 17.03 48.53
1 51.5 39.74 29.98
2 51.5 63.92 49.41
3 51.5 82.09 28.98
4 51.5 107.50 49.81
5 51.5 130.30 28.78
0 52.0 17.03 48.53
1 52.0 39.74 29.98
2 52.0 63.92 49.41
3 52.0 82.09 28.98
4 52.0 107.50 49.81
5 52.0 130.30 28.78
0 52.5 17.03 48.53
1 52.5 39.74 29.98
2 52.5 63.92 49.41
3 52.5 82.09 28.98
4 52.5 107.50 49.81
5 52.5 130.30 28.78
0 53.0 17.03 48.53
1 53.0 39.74 29.98
2 53.0 63.92 49.41
3 53.0 82.09 28.98
4 53.0 107.50 49.81
5 53.0 130.30 28.78
0 53.5 17.03 48.53
1 53.5 39.74 29.98
2 53.5 63.92 49.41
3 53.5 82.09 28.98
4 53.5 107.50 49.81
5 53.5 130.30 28.78
0 54.0 17.03 48.53
1 54.0 39.74 29.98
2 54.0 63.92 49.41
3 54.0 82.09 28.98
4 54.0 107.50 49.81
5 54.0 130.30 28.78
0 54.5 17.03 48.53
1 54.5 39.74 29.98
2 54.5 63.92 49.41
3 54.5 82.09 28.98
4 54.5 107.50 49.81
5 54.5 130.30 28.78
0 55.0 17.03 48.53
1 55.0 39.74 29.98
2 55.0 63.92 49.41
3 55.0 82.09 28.98
4 55.0 107.50 49.81
5 55.0 130.30 28.78
0 55.5 17.03 48.53
1 55.5 39.74 29.98
2 55.5 63.92 49.41
3 55.5 82.09 28.98
4 55.5 107.50 49.81
5 55.5 130.30 28.78
0 56.0 17.03 48.53
1 56.0 39.74 29.98
2 56.0 63.92 49.41
3 56.0 82.09 28.98
4 56.0 107.50 49.81
5 56.0 130.30 28.78
0 56.5 17.03 48.53
1 56.5 39.74 29.98
2 56.5 63.92 49.41
3 56.5 82.09 28.98
4 56.5 107.50 49.81
5 56.5 130.30 28.78
0 57.0 17.03 48.53
1 57.0 39.74 29.98
2 57.0 63.92 49.41
3 57.0 82.09 28.98
4 57.0 107.50 49.81
5 57.0 130.30 28.78
0 57.5 17.03 48.53
1 57.5 39.74 29.98
2 57.5 63.92 49.41
3 57.5 82.09 28.98
4 57.5 107.50 49.81
5 57.5 130.30 28.78
0 58.0 17.03 48.53
1 58.0 39.74 29.98
2 58.0 63.92 49.41
3 58.0 82.09 28.98
4 58.0 107.50 49.81
5 58.0 130.30 28.78
0 58.5 17.03 48.53
1 58.5 39.74 29.98
2 58.5 63.92 49.41
3 58.5 82.09 28.98
4 58.5 107.50 49.81
5 58.5 130.30 28.78
0 59.0 17.03 48.53
1 59.0 39.74 29.98
2 59.0 63.92 49.41
3 59.0 82.09 28.98
4 59.0 107.50 49.81
5 59.0 130.30 28.78
0 59.5 17.03 48.53
1 59.5 39.74 29.98
2 59.5 63.92 49.41
3 59.5 82.09 28.98
4 59.5 107.50 49.81
5 59.5 130.30 28.78
0 60.0 17.03 48.53
1 60.0 39.74 29.98
2 60.0 63.92 49.41
3 60.0 82.09 28.98
4 60.0 107.50 49.81
5 60.0 130.30 28.78
0 60.5 17.03 48.53
1 60.5 39.74 29.98
2 60.5 63.92 49.41
3 60.5 82.09 28.98
4 60.5 107.50 49.81
5 60.5 130.30 28.78
0 61.0 17.03 48.53
1 61.0 39.74 29.98
2 61.0 63.92 49.41
3 61.0 82.09 28.98
4 61.0 107.50 49.81
5 61.0 130.30 28.78
0 61.5 17.03 48.53
1 61.5 39.74 29.98
2 61.5 63.92 49.41
3 61.5 82.09 28.98
4 61.5 107.50 49.81
5 61.5 130.30 28.78
0 62.0 17.03 48.53
1 62.0 39.74 29.98
2 62.0 63.92 49.41
3 62.0 82.09 28.98
4 62.0 107.50 49.81
5 62.0 130.30 28.78
0 62.5 17.03 48.53
1 62.5 39.74 29.98
2 62.5 63.92 49.41
3 62.5 82.09 28.98
4 62.5 107.50 49.81
5 62.5 130.30 28.78
0 63.0 17.03 48.53
1 63.0 39.74 29.98
2 63.0 63.92 49.41
3 63.0 82.09 28.98
4 63.0 107.50 49.81
5 63.0 130.30 28.78
0 63.5 17.03 48.53
1 63.5 39.74 29.98
2 63.5 63.92 49.41
3 63.5 82.09 28.98
4 63.5 107.50 49.81
5 63.5 130.30 28.78
0 64.0 17.03 48.53
1 64.0 39.74 29.98
2 64.0 63.92 49.41
3 64.0 82.09 28.98
4 64.0 107.50 49.81
5 64.0 130.30 28.78
0 64.5 17.03 48.53
1 64.5 39.74 29.98
2 64.5 63.92 49.41
3 64.5 82.09 28.98
4 64.5 107.50 49.81
5 64.5 130.30 28.78
0 65.0 17.03 48.53
1 65.0 39.74 29.98
2 65.0 63.92 49.41
3 65.0 82.09 28.98
4 65.0 107.50 49.81
5 65.0 130.30 28.78
0 65.5 17.03 48.53
1 65.5 39.74 29.98
2 65.5 63.92 49.41
3 65.5 82.09 28.98
4 65.5 107.50 49.81
5 65.5 130.30 28.78
0 66.0 17.03 48.53
1 66.0 39.74 29.98
2 66.0 63.92 49.41
3 66.0 82.09 28.98
4 66.0 107.50 49.81
5 66.0 130.30 28.78
0 66.5 17.03 48.53
1 66.5 39.74 29.98
2 66.5 63.92 49.41
3 66.5 82.09 28.98
4 66.5 107.50 49.81
5 66.5 130.30 28.78
0 67.0 17.03 48.53
1 67.0 39.74 29.98
2 67.0 63.92 49.41
3 67.0 82.09 28.98
4 67.0 107.50 49.81
5 67.0 130.30 28.78
0 67.5 17.03 48.53
1 67.5 39.74 29.98
2 67.5 63.92 49.41
3 67.5 82.09 28.98
4 67.5 107.50 49.81
5 67.5 130.30 28.78
0 68.0 17.03 48.53
1 68.0 39.74 29.98
2 68.0 63.92 49.41
3 68.0 82.09 28.98
4 68.0 107.50 49.81
5 68.0 130.30 28.78
0 68.5 17.03 48.53
1 68.5 39.74 29.98
2 68.5 63.92 49.41
3 68.5 82.09 28.98
4 68.5 107.50 49.81
5 68.5 130.30 28.78
0 69.0 17.03 48.53
1 69.0 39.74 29.98
2 69.0 63.92 49.41
3 69.0 82.09 28.98
4 69.0 107.50 49.81
5 69.0 130.30 28.78
0 69.5 17.03 48.53
1 69.5 39.74 29.98
2 69.5 63.92 49.41
3 69.5 82.09 28.98
4 69.5 107.50 49.81
5 69.5 130.30 28.78
0 70.0 17.03 48.53
1 70.0 39.74 29.98
2 70.0 63.92 49.41
3 70.0 82.09 28.98
4 70.0 107.50 49.81
5 70.0 130.30 28.78
0 70.5 17.03 48.53
1 70.5 39.74 29.98
2 70.5 63.92 49.41
3 70.5 82.09 28.98
4 70.5 107.50 49.81
5 70.5 130.30 28.78
0 71.0 17.03 48.53
1 71.0 39.74 29.98
2 71.0 63.92 49.41
3 71.0 82.09 28.98
4 71.0 107.50 49.81
5 71.0 130.30 28.78
0 71.5 17.03 48.53
1 71.5 39.74 29.98
2 71.5 63.92 49.41
3 71.5 82.09 28.98
4 71.5 107.50 49.81
5 71.5 130.30 28.78
0 72.0 17.03 48.53
1 72.0 39.74 29.98
2 72.0 63.92 49.41
3 72.0 82.09 28.98
4 72.0 107.50 49.81
5 72.0 130.30 28.78
0 72.5 17.03 48.53
1 72.5 39.74 29.98
2 72.5 63.92 49.41
3 72.5 82.09 28.98
4 72.5 107.50 49.81
5 72.5 130.30 28.78
0 73.0 17.03 48.53
1 73.0 39.74 29.98
2 73.0 63.92 49.41
3 73.0 82.09 28.98
4 73.0 107.50 49.81
5 73.0 130.30 28.78
0 73.5 17.03 48.53
1 73.5 39.74 29.98
2 73.5 63.92 49.41
3 73.5 82.09 28.98
4 73.5 107.50 49.81
5 73.5 130.30 28.78
0 74.0 17.03 48.53
1 74.0 39.74 29.98
2 74.0 63.92 49.41
3 74.0 82.09 28.98
4 74.0 107.50 49.81
5 74.0 130.30 28.78
0 74.5 17.03 48.53
1 74.5 39.74 29.98
2 74.5 63.92 49.41
3 74.5 82.09 28.98
4 74.5 107.50 49.81
5 74.5 130.30 28.78
0 75.0 17.03 48.53
1 75.0 39.74 29.98
2 75.0 63.92 49.41
3 75.0 82.09 28.98
4 75.0 107.50 49.81
5 75.0 130.30 28.78
0 75.5 17.03 48.53
1 75.5 39.74 29.98
2 75.5 63.92 49.41
3 75.5 82.09 28.98
4 75.5 107.50 49.81
5 75.5 130.30 28.78
0 76.0 17.03 48.53
1 76.0 39.74 29.98
2 76.0 63.92 49.41
3 76.0 82.09 28.98
4 76.0 107.50 49.81
5 76.0 130.30 28.78
0 76.5 17.03 48.53
1 76.5 39.74 29.98
2 76.5 63.92 49.41
3 76.5 82.09 28.98
4 76.5 107.50 49.81
5 76.5 130.30 28.78
0 77.0 17.03 48.53
1 77.0 39.74 29.98
2 77.0 63.92 49.41
3 77.0 82.09 28.98
4 77.0 107.50 49.81
5 77.0 130.30 28.78
0 77.5 17.03 48.53
1 77.5 39.74 29.98
2 77.5 63.92 49.41
3 77.5 82.09 28.98
4 77.5 107.50 49.81
5 77.5 130.30 28.78
0 78.0 17.03 48.53
1 78.0 39.74 29.98
2 78.0 63.92 49.41
3 78.0 82.09 28.98
4 78.0 107.50 49.81
5 78.0 130.30 28.78
0 78.5 17.03 48.53
1 78.5 39.74 29.98
2 78.5 63.92 49.41
3 78.5 82.09 28.98
4 78.5 107.50 49.81
5 78.5 130.30 28.78
0 79.0 17.03 48.53
1 79.0 39.74 29.98
2 79.0 63.92 49.41
3 79.0 82.09 28.98
4 79.0 107.50 49.81
5 79.0 130.30 28.78
0 79.5 17.03 48.53
1 79.5 39.74 29.98
2 79.5 63.92 49.41
3 79.5 82.09 28.98
4 79.5 107.50 49.81
5 79.5 130.30 28.78
0 80.0 17.03 48.53
1 80.0 39.74 29.98
2 80.0 63.92 49.41
3 80.0 82.09 28.98
4 80.0 107.50 49.81
5 80.0 130.30 28.78
0 80.5 17.03 48.53
1 80.5 39.74 29.98
2 80.5 63.92 49.41
3 80.5 82.09 28.98
4 80.5 107.50 49.81
5 80.5 130.30 28.78
0 81.0 17.03 48.53
1 81.0 39.74 29.98
2 81.0 63.92 49.41
3 81.0 82.09 28.98
4 81.0 107.50 49.81
5 81.0 130.30 28.78
0 81.5 17.03 48.53
1 81.5 39.74 29.98
2 81.5 63.92 49.41
3 81.5 82.09 28.98
4 81.5 107.50 49.81
5 81.5 130.30 28.78
0 82.0 17.03 48.53
1 82.0 39.74 29.98
2 82.0 63.92 49.41
3 82.0 82.09 28.98
4 82.0 107.50 49.81
5 82.0 130.30 28.78
0 82.5 17.03 48.53
1 82.5 39.74 29.98
2 82.5 63.92 49.41
3 82.5 82.09 28.98
4 82.5 107.50 49.81
5 82.5 130.30 28.78
0 83.0 17.03 48.53
1 83.0 39.74 29.98
2 83.0 63.92 49.41
3 83.0 82.09 28.98
4 83.0 107.50 49.81
5 83.0 130.30 28.78
0 83.5 17.03 48.53
1 83.5 39.74 29.98
2 83.5 63.92 49.41
3 83.5 82.09 28.98
4 83.5 107.50 49.81
5 83.5 130.30 28.78
0 84.0 17.03 48.53
1 84.0 39.74 29.98
2 84.0 63.92 49.41
3 84.0 82.09 28.98
4 84.0 107.50 49.81
5 84.0 130.30 28.78
0 84.5 17.03 48.53
1 84.5 39.74 29.98
2 84.5 63.92 49.41
3 84.5 82.09 28.98
4 84.5 107.50 49.81
5 84.5 130.30 28.78
0 85.0 17.03 48.53
1 85.0 39.74 29.98
2 85.0 63.92 49.41
3 85.0 82.09 28.98
4 85.0 107.50 49.81
5 85.0 130.30 28.78
0 85.5 17.03 48.53
1 85.5 39.74 29.98
2 85.5 63.92 49.41
3 85.5 82.09 28.98
4 85.5 107.50 49.81
5 85.5 130.30 28.78
0 86.0 17.03 48.53
1 86.0 39.74 29.98
2 86.0 63.92 49.41
3 86.0 82.09 28.98
4 86.0 107.50 49.81
5 86.0 130.30 28.78
0 86.5 17.03 48.53
1 86.5 39.74 29.98
2 86.5 63.92 49.41
3 86.5 82.09 28.98
4 86.5 107.50 49.81
5 86.5 130.30 28.78
0 87.0 17.03 48.53
1 87.0 39.74 29.98
2 87.0 63.92 49.41
3 87.0 82.09 28.98
4 87.0 107.50 49.81
5 87.0 130.30 28.78
0 87.5 17.03 48.53
1 87.5 39.74 29.98
2 87.5 63.92 49.41
3 87.5 82.09 28.98
4 87.5 107.50 49.81
5 87.5 130.30 28.78
0 88.0 17.03 48.53
1 88.0 39.74 29.98
2 88.0 63.92 49.41
3 88.0 82.09 28.98
4 88.0 107.50 49.81
5 88.0 130.30 28.78
0 88.5 17.03 48.53
1 88.5 39.74 29.98
2 88.5 63.92 49.41
3 88.5 82.09 28.98
4 88.5 107.50 49.81
5 88.5 130.30 28.78
0 89.0 17.03 48.53
1 89.0 39.74 29.98
2 89.0 63.92 49.41
3 89.0 82.09 28.98
4 89.0 107.50 49.81
5 89.0 130.30 28.78
0 89.5 17.03 48.53
1 89.5 39.74 29.98
2 89.5 63.92 49.41
3 89.5 82.09 28.98
4 89.5 107.50 49.81
5 89.5 130.30 28.78
0 90.0 17.03 48.53
1 90.0 39.74 29.98
2 90.0 63.92 49.41
3 90.0 82.09 28.98
4 90.0 107.50 49.81
5 90.0 130.30 28.78
0 90.5 17.03 48.53
1 90.5 39.74 29.98
2 90.5 63.92 49.41
3 90.5 82.09 28.98
4 90.5 107.50 49.81
5 90.5 130.30 28.78
0 91.0 17.03 48.53
1 91.0 39.74 29.98
2 91.0 63.92 49.41
3 91.0 82.09 28.98
4 91.0 107.50 49.81
5 91.0 130.30 28.78
0 91.5 17.03 48.53
1 91.5 39.74 29.98
2 91.5 63.92 49.41
3 91.5 82.09 28.98
4 91.5 107.50 49.81
5 91.5 130.30 28.78
0 92.0 17.03 48.53
1 92.0 39.74 29.98
2 92.0 63.92 49.41
3 92.0 82.09 28.98
4 92.0 107.50 49.81
5 92.0 130.30 28.78
0 92.5 17.03 48.53
1 92.5 39.74 29.98
2 92.5 63.92 49.41
3 92.5 82.09 28.98
4 92.5 107.50 49.81
5 92.5 130.30 28.78
0 93.0 17.03 48.53
1 93.0 39.74 29.98
2 93.0 63.92 49.41
3 93.0 82.09 28.98
4 93.0 107.50 49.81
5 93.0 130.30 28.78
0 93.5 17.03 48.53
1 93.5 39.74 29.98
2 93.5 63.92 49.41
3 93.5 82.09 28.98
4 93.5 107.50 49.81
5 93.5 130.30 28.78
0 94.0 17.03 48.53
1 94.0 39.74 29.98
2 94.0 63.92 49.41
3 94.0 82.09 28.98
4 94.0 107.50 49.81
5 94.0 130.30 28.78
0 94.5 17.03 48.53
1 94.5 39.74 29.98
2 94.5 63.92 49.41
3 94.5 82.09 28.98
4 94.5 107.50 49.81
5 94.5 130.30 28.78
0 95.0 17.03 48.53
1 95.0 39.74 29.98
2 95.0 63.92 49.41
3 95.0 82.09 28.98
4 95.0 107.50 49.81
5 95.0 130.30 28.78
0 95.5 17.03 48.53
1 95.5 39.74 29.98
2 95.5 63.92 49.41
3 95.5 82.09 28.98
4 95.5 107.50 49.81
5 95.5 130.30 28.78
0 96.0 17.03 48.53
1 96.0 39.74 29.98
2 96.0 63.92 49.41
3 96.0 82.09 28.98
4 96.0 107.50 49.81
5 96.0 130.30 28.78
0 96.5 17.03 48.53
1 96.5 39.74 29.98
2 96.5 63.92 49.41
3 96.5 82.09 28.98
4 96.5 107.50 49.81
5 96.5 130.30 28.78
0 97.0 17.03 48.53
1 97.0 39.74 29.98
2 97.0 63.92 49.41
3 97.0 82.09 28.98
4 97.0 107.50 49.81
5 97.0 130.30 28.78
0 97.5 17.03 48.53
1 97.5 39.74 29.98
2 97.5 63.92 49.41
3 97.5 82.09 28.98
4 97.5 107.50 49.81
5 97.5 130.30 28.78
0 98.0 17.03 48.53
1 98.0 39.74 29.98
2 98.0 63.92 49.41
3 98.0 82.09 28.98
4 98.0 107.50 49.81
5 98.0 130.30 28.78
0 98.5 17.03 48.53
1 98.5 39.74 29.98
2 98.5 63.92 49.41
3 98.5 82.09 28.98
4 98.5 107.50 49.81
5 98.5 130.30 28.78
0 99.0 17.03 48.53
1 99.0 39.74 29.98
2 99.0 63.92 49.41
3 99.0 82.09 28.98
4 99.0 107.50 49.81
5 99.0 130.30 28.78
0 99.5 17.03 48.53
1 99.5 39.74 29.98
2 99.5 63.92 49.41
3 99.5 82.09 28.98
4 99.5 107.50 49.81
5 99.5 130.30 28.78
0 100.0 17.03 48.53
1 100.0 39.74 29.98
2 100.0 63.92 49.41
3 100.0 82.09 28.98
4 100.0 107.50 49.81
5 100.0 130.30 28.78
0 100.5 17.03 48.53
1 100.5 39.74 29.98
2 100.5 63.92 49.41
3 100.5 82.09 28.98
4 100.5 107.50 49.81
5 100.5 130.30 28.78
0 101.0 17.03 48.53
1 101.0 39.74 29.98
2 101.0 63.92 49.41
3 101.0 82.09 28.98
4 101.0 107.50 49.81
5 101.0 130.30 28.78
0 101.5 17.03 48.53
1 101.5 39.74 29.98
2 101.5 63.92 49.41
3 101.5 82.09 28.98
4 101.5 107.50 49.81
5 101.5 130.30 28.78
0 102.0 17.03 48.53
1 102.0 39.74 29.98
2 102.0 63.92 49.41
3 102.0 82.09 28.98
4 102.0 107.50 49.81
5 102.0 130.30 28.78
0 102.5 17.03 48.53
1 102.5 39.74 29.98
2 102.5 63.92 49.41
3 102.5 82.09 28.98
4 102.5 107.50 49.81
5 102.5 130.30 28.78
0 103.0 17.03 48.53
1 103.0 39.74 29.98
2 103.0 63.92 49.41
3 103.0 82.09 28.98
4 103.0 107.50 49.81
5 103.0 130.30 28.78
0 103.5 17.03 48.53
1 103.5 39.74 29.98
2 103.5 63.92 49.41
3 103.5 82.09 28.98
4 103.5 107.50 49.81
5 103.5 130.30 28.78
0 104.0 17.03 48.53
1 104.0 39.74 29.98
2 104.0 63.92 49.41
3 104.0 82.09 28.98
4 104.0 107.50 49.81
5 104.0 130.30 28.78
0 104.5 17.03 48.53
1 104.5 39.74 29.98
2 104.5 63.92 49.41
3 104.5 82.09 28.98
4 104.5 107.50 49.81
5 104.5 130.30 28.78
0 105.0 17.03 48.53
1 105.0 39.74 29.98
2 105.0 63.92 49.41
3 105.0 82.09 28.98
4 105.0 107.50 49.81
5 105.0 130.30 28.78
0 105.5 17.03 48.53
1 105.5 39.74 29.98
2 105.5 63.92 49.41
3 105.5 82.09 28.98
4 105.5 107.50 49.81
5 105.5 130.30 28.78
0 106.0 17.03 48.53
1 106.0 39.74 29.98
2 106.0 63.92 49.41
3 106.0 82.09 28.98
4 106.0 107.50 49.81
5 106.0 130.30 28.78
0 106.5 17.03 48.53
1 106.5 39.74 29.98
2 106.5 63.92 49.41
3 106.5 82.09 28.98
4 106.5 107.50 49.81
5 106.5 130.30 28.78
0 107.0 17.03 48.53
1 107.0 39.74 29.98
2 107.0 63.92 49.41
3 107.0 82.09 28.98
4 107.0 107.50 49.81
5 107.0 130.30 28.78
0 107.5 17.03 48.53
1 107.5 39.74 29.98
2 107.5 63.92 49.41
3 107.5 82.09 28.98
4 107.5 107.50 49.81
5 107.5 130.30 28.78
0 108.0 17.03 48.53
1 108.0 39.74 29.98
2 108.0 63.92 49.41
3 108.0 82.09 28.98
4 108.0 107.50 49.81
5 108.0 130.30 28.78
0 108.5 17.03 48.53
1 108.5 39.74 29.98
2 108.5 63.92 49.41
3 108.5 82.09 28.98
4 108.5 107.50 49.81
5 108.5 130.30 28.78
0 109.0 17.03 48.53
1 109.0 39.74 29.98
2 109.0 63.92 49.41
3 109.0 82.09 28.98
4 109.0 107.50 49.81
5 109.0 130.30 28.78
0 109.5 17.03 48.53
1 109.5 39.74 29.98
2 109.5 63.92 49.41
3 109.5 82.09 28.98
4 109.5 107.50 49.81
5 109.5 130.30 28.78
0 110.0 17.03 48.53
1 110.0 39.74 29.98
2 110.0 63.92 49.41
3 110.0 82.09 28.98
4 110.0 107.50 49.81
5 110.0 130.30 28.78
0 110.5 17.03 48.53
1 110.5 39.74 29.98
2 110.5 63.92 49.41
3 110.5 82.09 28.98
4 110.5 107.50 49.81
5 110.5 130.30 28.78
0 111.0 17.03 48.53
1 111.0 39.74 29.98
2 111.0 63.92 49.41
3 111.0 82.09 28.98
4 111.0 107.50 49.81
5 111.0 130.30 28.78
0 111.5 17.03 48.53
1 111.5 39.74 29.98
2 111.5 63.92 49.41
3 111.5 82.09 28.98
4 111.5 107.50 49.81
5 111.5 130.30 28.78
0 112.0 17.03 48.53
1 112.0 39.74 29.98
2 112.0 63.92 49.41
3 112.0 82.09 28.98
4 112.0 107.50 49.81
5 112.0 130.30 28.78
0 112.5 17.03 48.53
1 112.5 39.74 29.98
2 112.5 63.92 49.41
3 112.5 82.09 28.98
4 112.5 107.50 49.81
5 112.5 130.30 28.78
0 113.0 17.03 48.53
1 113.0 39.74 29.98
2 113.0 63.92 49.41
3 113.0 82.09 28.98
4 113.0 107.50 49.81
5 113.0 130.30 28.78
0 113.5 17.03 48.53
1 113.5 39.74 29.98
2 113.5 63.92 49.41
3 113.5 82.09 28.98
4 113.5 107.50 49.81
5 113.5 130.30 28.78
0 114.0 17.03 48.53
1 114.0 39.74 29.98
2 114.0 63.92 49.41
3 114.0 82.09 28.98
4 114.0 107.50 49.81
5 114.0 130.30 28.78
0 114.5 17.03 48.53
1 114.5 39.74 29.98
2 114.5 63.92 49.41
3 114.5 82.09 28.98
4 114.5 107.50 49.81
5 114.5 130.30 28.78
0 115.0 17.03 48.53
1 115.0 39.74 29.98
2 115.0 63.92 49.41
3 115.0 82.09 28.98
4 115.0 107.50 49.81
5 115.0 130.30 28.78
0 115.5 17.03 48.53
1 115.5 39.74 29.98
2 115.5 63.92 49.41
3 115.5 82.09 28.98
4 115.5 107.50 49.81
5 115.5 130.30 28.78
0 116.0 17.03 48.53
1 116.0 39.74 29.98
2 116.0 63.92 49.41
3 116.0 82.09 28.98
4 116.0 107.50 49.81
5 116.0 130.30 28.78
0 116.5 17.03 48.53
1 116.5 39.74 29.98
2 116.5 63.92 49.41
3 116.5 82.09 28.98
4 116.5 107.50 49.81
5 116.5 130.30 28.78
0 117.0 17.03 48.53
1 117.0 39.74 29.98
2 117.0 63.92 49.41
3 117.0 82.09 28.98
4 117.0 107.50 49.81
5 117.0 130.30 28.78
0 117.5 17.03 48.53
1 117.5 39.74 29.98
2 117.5 63.92 49.41
3 117.5 82.09 28.98
4 117.5 107.50 49.81
5 117.5 130.30 28.78
0 118.0 17.03 48.53
1 118.0 39.74 29.98
2 118.0 63.92 49.41
3 118.0 82.09 28.98
4 118.0 107.50 49.81
5 118.0 130.30 28.78
0 118.5 17.03 48.53
1 118.5 39.74 29.98
2 118.5 63.92 49.41
3 118.5 82.09 28.98
4 118.5 107.50 49.81
5 118.5 130.30 28.78
0 119.0 17.03 48.53
1 119.0 39.74 29.98
2 119.0 63.92 49.41
3 119.0 82.09 28.98
4 119.0 107.50 49.81
5 119.0 130.30 28.78
0 119.5 17.03 48.53
1 119.5 39.74 29.98
2 119.5 63.92 49.41
3 119.5 82.09 28.98
4 119.5 107.50 49.81
5 119.5 130.30 28.78
0 120.0 17.03 48.53
1 120.0 39.74 29.98
2 120.0 63.92 49.41
3 120.0 82.09 28.98
4 120.0 107.50 49.81
5 120.0 130.30 28.78
