# RDF Protocol Test - Forklift Warehouse Scenario
# 6 nodes, 120s duration, 0.5s update interval
# Forklift speed: 1.9 m/s (6.8 km/h) — warehouse safety limit
# Format: moteIndex(0-based) time(s) x(m) y(m)
# N0(89,90): static | N1(109,125): static FIXED | N2(129,90): static | N3(175,90): static anchor
# N4: Forklift 1 — horizontal patrol y=108, x: 50↔175
# N5: Forklift 2 — vertical patrol x=117, y: 60↔155
# All nodes always within 48m of ≥1 neighbor | Min separation: 8.0m
#
0 0.0 89.0 90.4
1 0.0 109.0 125.0
2 0.0 129.0 90.4
3 0.0 175.0 90.4
4 0.0 50.0 108.0
5 0.0 117.0 60.0
0 0.5 89.0 90.4
1 0.5 109.0 125.0
2 0.5 129.0 90.4
3 0.5 175.0 90.4
4 0.5 51.0 108.0
5 0.5 117.0 61.0
0 1.0 89.0 90.4
1 1.0 109.0 125.0
2 1.0 129.0 90.4
3 1.0 175.0 90.4
4 1.0 51.9 108.0
5 1.0 117.0 61.9
0 1.5 89.0 90.4
1 1.5 109.0 125.0
2 1.5 129.0 90.4
3 1.5 175.0 90.4
4 1.5 52.9 108.0
5 1.5 117.0 62.9
0 2.0 89.0 90.4
1 2.0 109.0 125.0
2 2.0 129.0 90.4
3 2.0 175.0 90.4
4 2.0 53.8 108.0
5 2.0 117.0 63.8
0 2.5 89.0 90.4
1 2.5 109.0 125.0
2 2.5 129.0 90.4
3 2.5 175.0 90.4
4 2.5 54.8 108.0
5 2.5 117.0 64.8
0 3.0 89.0 90.4
1 3.0 109.0 125.0
2 3.0 129.0 90.4
3 3.0 175.0 90.4
4 3.0 55.7 108.0
5 3.0 117.0 65.7
0 3.5 89.0 90.4
1 3.5 109.0 125.0
2 3.5 129.0 90.4
3 3.5 175.0 90.4
4 3.5 56.7 108.0
5 3.5 117.0 66.7
0 4.0 89.0 90.4
1 4.0 109.0 125.0
2 4.0 129.0 90.4
3 4.0 175.0 90.4
4 4.0 57.6 108.0
5 4.0 117.0 67.6
0 4.5 89.0 90.4
1 4.5 109.0 125.0
2 4.5 129.0 90.4
3 4.5 175.0 90.4
4 4.5 58.6 108.0
5 4.5 117.0 68.6
0 5.0 89.0 90.4
1 5.0 109.0 125.0
2 5.0 129.0 90.4
3 5.0 175.0 90.4
4 5.0 59.5 108.0
5 5.0 117.0 69.5
0 5.5 89.0 90.4
1 5.5 109.0 125.0
2 5.5 129.0 90.4
3 5.5 175.0 90.4
4 5.5 60.5 108.0
5 5.5 117.0 70.5
0 6.0 89.0 90.4
1 6.0 109.0 125.0
2 6.0 129.0 90.4
3 6.0 175.0 90.4
4 6.0 61.4 108.0
5 6.0 117.0 71.4
0 6.5 89.0 90.4
1 6.5 109.0 125.0
2 6.5 129.0 90.4
3 6.5 175.0 90.4
4 6.5 62.4 108.0
5 6.5 117.0 72.4
0 7.0 89.0 90.4
1 7.0 109.0 125.0
2 7.0 129.0 90.4
3 7.0 175.0 90.4
4 7.0 63.3 108.0
5 7.0 117.0 73.3
0 7.5 89.0 90.4
1 7.5 109.0 125.0
2 7.5 129.0 90.4
3 7.5 175.0 90.4
4 7.5 64.3 108.0
5 7.5 117.0 74.3
0 8.0 89.0 90.4
1 8.0 109.0 125.0
2 8.0 129.0 90.4
3 8.0 175.0 90.4
4 8.0 65.2 108.0
5 8.0 117.0 75.2
0 8.5 89.0 90.4
1 8.5 109.0 125.0
2 8.5 129.0 90.4
3 8.5 175.0 90.4
4 8.5 66.2 108.0
5 8.5 117.0 76.2
0 9.0 89.0 90.4
1 9.0 109.0 125.0
2 9.0 129.0 90.4
3 9.0 175.0 90.4
4 9.0 67.1 108.0
5 9.0 117.0 77.1
0 9.5 89.0 90.4
1 9.5 109.0 125.0
2 9.5 129.0 90.4
3 9.5 175.0 90.4
4 9.5 68.1 108.0
5 9.5 117.0 78.1
0 10.0 89.0 90.4
1 10.0 109.0 125.0
2 10.0 129.0 90.4
3 10.0 175.0 90.4
4 10.0 69.0 108.0
5 10.0 117.0 79.0
0 10.5 89.0 90.4
1 10.5 109.0 125.0
2 10.5 129.0 90.4
3 10.5 175.0 90.4
4 10.5 70.0 108.0
5 10.5 117.0 80.0
0 11.0 89.0 90.4
1 11.0 109.0 125.0
2 11.0 129.0 90.4
3 11.0 175.0 90.4
4 11.0 70.9 108.0
5 11.0 117.0 80.9
0 11.5 89.0 90.4
1 11.5 109.0 125.0
2 11.5 129.0 90.4
3 11.5 175.0 90.4
4 11.5 71.9 108.0
5 11.5 117.0 81.9
0 12.0 89.0 90.4
1 12.0 109.0 125.0
2 12.0 129.0 90.4
3 12.0 175.0 90.4
4 12.0 72.8 108.0
5 12.0 117.0 82.8
0 12.5 89.0 90.4
1 12.5 109.0 125.0
2 12.5 129.0 90.4
3 12.5 175.0 90.4
4 12.5 73.8 108.0
5 12.5 117.0 83.8
0 13.0 89.0 90.4
1 13.0 109.0 125.0
2 13.0 129.0 90.4
3 13.0 175.0 90.4
4 13.0 74.7 108.0
5 13.0 117.0 84.7
0 13.5 89.0 90.4
1 13.5 109.0 125.0
2 13.5 129.0 90.4
3 13.5 175.0 90.4
4 13.5 75.7 108.0
5 13.5 117.0 85.7
0 14.0 89.0 90.4
1 14.0 109.0 125.0
2 14.0 129.0 90.4
3 14.0 175.0 90.4
4 14.0 76.6 108.0
5 14.0 117.0 86.6
0 14.5 89.0 90.4
1 14.5 109.0 125.0
2 14.5 129.0 90.4
3 14.5 175.0 90.4
4 14.5 77.6 108.0
5 14.5 117.0 87.6
0 15.0 89.0 90.4
1 15.0 109.0 125.0
2 15.0 129.0 90.4
3 15.0 175.0 90.4
4 15.0 78.5 108.0
5 15.0 117.0 88.5
0 15.5 89.0 90.4
1 15.5 109.0 125.0
2 15.5 129.0 90.4
3 15.5 175.0 90.4
4 15.5 79.5 108.0
5 15.5 117.0 89.5
0 16.0 89.0 90.4
1 16.0 109.0 125.0
2 16.0 129.0 90.4
3 16.0 175.0 90.4
4 16.0 80.4 108.0
5 16.0 117.0 90.4
0 16.5 89.0 90.4
1 16.5 109.0 125.0
2 16.5 129.0 90.4
3 16.5 175.0 90.4
4 16.5 81.4 108.0
5 16.5 117.0 91.4
0 17.0 89.0 90.4
1 17.0 109.0 125.0
2 17.0 129.0 90.4
3 17.0 175.0 90.4
4 17.0 82.3 108.0
5 17.0 117.0 92.3
0 17.5 89.0 90.4
1 17.5 109.0 125.0
2 17.5 129.0 90.4
3 17.5 175.0 90.4
4 17.5 83.3 108.0
5 17.5 117.0 93.3
0 18.0 89.0 90.4
1 18.0 109.0 125.0
2 18.0 129.0 90.4
3 18.0 175.0 90.4
4 18.0 84.2 108.0
5 18.0 117.0 94.2
0 18.5 89.0 90.4
1 18.5 109.0 125.0
2 18.5 129.0 90.4
3 18.5 175.0 90.4
4 18.5 85.2 108.0
5 18.5 117.0 95.2
0 19.0 89.0 90.4
1 19.0 109.0 125.0
2 19.0 129.0 90.4
3 19.0 175.0 90.4
4 19.0 86.1 108.0
5 19.0 117.0 96.1
0 19.5 89.0 90.4
1 19.5 109.0 125.0
2 19.5 129.0 90.4
3 19.5 175.0 90.4
4 19.5 87.1 108.0
5 19.5 117.0 97.1
0 20.0 89.0 90.4
1 20.0 109.0 125.0
2 20.0 129.0 90.4
3 20.0 175.0 90.4
4 20.0 88.0 108.0
5 20.0 117.0 98.0
0 20.5 89.0 90.4
1 20.5 109.0 125.0
2 20.5 129.0 90.4
3 20.5 175.0 90.4
4 20.5 89.0 108.0
5 20.5 117.0 99.0
0 21.0 89.0 90.4
1 21.0 109.0 125.0
2 21.0 129.0 90.4
3 21.0 175.0 90.4
4 21.0 89.9 108.0
5 21.0 117.0 99.9
0 21.5 89.0 90.4
1 21.5 109.0 125.0
2 21.5 129.0 90.4
3 21.5 175.0 90.4
4 21.5 90.9 108.0
5 21.5 117.0 100.9
0 22.0 89.0 90.4
1 22.0 109.0 125.0
2 22.0 129.0 90.4
3 22.0 175.0 90.4
4 22.0 91.8 108.0
5 22.0 117.0 101.8
0 22.5 89.0 90.4
1 22.5 109.0 125.0
2 22.5 129.0 90.4
3 22.5 175.0 90.4
4 22.5 92.8 108.0
5 22.5 117.0 102.8
0 23.0 89.0 90.4
1 23.0 109.0 125.0
2 23.0 129.0 90.4
3 23.0 175.0 90.4
4 23.0 93.7 108.0
5 23.0 117.0 103.7
0 23.5 89.0 90.4
1 23.5 109.0 125.0
2 23.5 129.0 90.4
3 23.5 175.0 90.4
4 23.5 94.7 108.0
5 23.5 117.0 104.7
0 24.0 89.0 90.4
1 24.0 109.0 125.0
2 24.0 129.0 90.4
3 24.0 175.0 90.4
4 24.0 95.6 108.0
5 24.0 117.0 105.6
0 24.5 89.0 90.4
1 24.5 109.0 125.0
2 24.5 129.0 90.4
3 24.5 175.0 90.4
4 24.5 96.6 108.0
5 24.5 117.0 106.6
0 25.0 89.0 90.4
1 25.0 109.0 125.0
2 25.0 129.0 90.4
3 25.0 175.0 90.4
4 25.0 97.5 108.0
5 25.0 117.0 107.5
0 25.5 89.0 90.4
1 25.5 109.0 125.0
2 25.5 129.0 90.4
3 25.5 175.0 90.4
4 25.5 98.5 108.0
5 25.5 117.0 108.5
0 26.0 89.0 90.4
1 26.0 109.0 125.0
2 26.0 129.0 90.4
3 26.0 175.0 90.4
4 26.0 99.4 108.0
5 26.0 117.0 109.4
0 26.5 89.0 90.4
1 26.5 109.0 125.0
2 26.5 129.0 90.4
3 26.5 175.0 90.4
4 26.5 100.4 108.0
5 26.5 117.0 110.4
0 27.0 89.0 90.4
1 27.0 109.0 125.0
2 27.0 129.0 90.4
3 27.0 175.0 90.4
4 27.0 101.3 108.0
5 27.0 117.0 111.3
0 27.5 89.0 90.4
1 27.5 109.0 125.0
2 27.5 129.0 90.4
3 27.5 175.0 90.4
4 27.5 102.3 108.0
5 27.5 117.0 112.3
0 28.0 89.0 90.4
1 28.0 109.0 125.0
2 28.0 129.0 90.4
3 28.0 175.0 90.4
4 28.0 103.2 108.0
5 28.0 117.0 113.2
0 28.5 89.0 90.4
1 28.5 109.0 125.0
2 28.5 129.0 90.4
3 28.5 175.0 90.4
4 28.5 104.2 108.0
5 28.5 117.0 114.2
0 29.0 89.0 90.4
1 29.0 109.0 125.0
2 29.0 129.0 90.4
3 29.0 175.0 90.4
4 29.0 105.1 108.0
5 29.0 117.0 115.1
0 29.5 89.0 90.4
1 29.5 109.0 125.0
2 29.5 129.0 90.4
3 29.5 175.0 90.4
4 29.5 106.1 108.0
5 29.5 117.0 116.1
0 30.0 89.0 90.4
1 30.0 109.0 125.0
2 30.0 129.0 90.4
3 30.0 175.0 90.4
4 30.0 107.0 108.0
5 30.0 117.0 117.0
0 30.5 89.0 90.4
1 30.5 109.0 125.0
2 30.5 129.0 90.4
3 30.5 175.0 90.4
4 30.5 108.0 108.0
5 30.5 117.0 118.0
0 31.0 89.0 90.4
1 31.0 109.0 125.0
2 31.0 129.0 90.4
3 31.0 175.0 90.4
4 31.0 108.9 108.0
5 31.0 117.0 118.9
0 31.5 89.0 90.4
1 31.5 109.0 125.0
2 31.5 129.0 90.4
3 31.5 175.0 90.4
4 31.5 109.9 108.0
5 31.5 117.0 119.9
0 32.0 89.0 90.4
1 32.0 109.0 125.0
2 32.0 129.0 90.4
3 32.0 175.0 90.4
4 32.0 110.8 108.0
5 32.0 117.0 120.8
0 32.5 89.0 90.4
1 32.5 109.0 125.0
2 32.5 129.0 90.4
3 32.5 175.0 90.4
4 32.5 111.8 108.0
5 32.5 117.0 121.8
0 33.0 89.0 90.4
1 33.0 109.0 125.0
2 33.0 129.0 90.4
3 33.0 175.0 90.4
4 33.0 112.7 108.0
5 33.0 117.0 122.7
0 33.5 89.0 90.4
1 33.5 109.0 125.0
2 33.5 129.0 90.4
3 33.5 175.0 90.4
4 33.5 113.7 108.0
5 33.5 117.0 123.7
0 34.0 89.0 90.4
1 34.0 109.0 125.0
2 34.0 129.0 90.4
3 34.0 175.0 90.4
4 34.0 114.6 108.0
5 34.0 117.0 124.6
0 34.5 89.0 90.4
1 34.5 109.0 125.0
2 34.5 129.0 90.4
3 34.5 175.0 90.4
4 34.5 115.6 108.0
5 34.5 117.0 125.6
0 35.0 89.0 90.4
1 35.0 109.0 125.0
2 35.0 129.0 90.4
3 35.0 175.0 90.4
4 35.0 116.5 108.0
5 35.0 117.0 126.5
0 35.5 89.0 90.4
1 35.5 109.0 125.0
2 35.5 129.0 90.4
3 35.5 175.0 90.4
4 35.5 117.5 108.0
5 35.5 117.0 127.5
0 36.0 89.0 90.4
1 36.0 109.0 125.0
2 36.0 129.0 90.4
3 36.0 175.0 90.4
4 36.0 118.4 108.0
5 36.0 117.0 128.4
0 36.5 89.0 90.4
1 36.5 109.0 125.0
2 36.5 129.0 90.4
3 36.5 175.0 90.4
4 36.5 119.4 108.0
5 36.5 117.0 129.4
0 37.0 89.0 90.4
1 37.0 109.0 125.0
2 37.0 129.0 90.4
3 37.0 175.0 90.4
4 37.0 120.3 108.0
5 37.0 117.0 130.3
0 37.5 89.0 90.4
1 37.5 109.0 125.0
2 37.5 129.0 90.4
3 37.5 175.0 90.4
4 37.5 121.3 108.0
5 37.5 117.0 131.3
0 38.0 89.0 90.4
1 38.0 109.0 125.0
2 38.0 129.0 90.4
3 38.0 175.0 90.4
4 38.0 122.2 108.0
5 38.0 117.0 132.2
0 38.5 89.0 90.4
1 38.5 109.0 125.0
2 38.5 129.0 90.4
3 38.5 175.0 90.4
4 38.5 123.2 108.0
5 38.5 117.0 133.2
0 39.0 89.0 90.4
1 39.0 109.0 125.0
2 39.0 129.0 90.4
3 39.0 175.0 90.4
4 39.0 124.1 108.0
5 39.0 117.0 134.1
0 39.5 89.0 90.4
1 39.5 109.0 125.0
2 39.5 129.0 90.4
3 39.5 175.0 90.4
4 39.5 125.1 108.0
5 39.5 117.0 135.1
0 40.0 89.0 90.4
1 40.0 109.0 125.0
2 40.0 129.0 90.4
3 40.0 175.0 90.4
4 40.0 126.0 108.0
5 40.0 117.0 136.0
0 40.5 89.0 90.4
1 40.5 109.0 125.0
2 40.5 129.0 90.4
3 40.5 175.0 90.4
4 40.5 127.0 108.0
5 40.5 117.0 137.0
0 41.0 89.0 90.4
1 41.0 109.0 125.0
2 41.0 129.0 90.4
3 41.0 175.0 90.4
4 41.0 127.9 108.0
5 41.0 117.0 137.9
0 41.5 89.0 90.4
1 41.5 109.0 125.0
2 41.5 129.0 90.4
3 41.5 175.0 90.4
4 41.5 128.9 108.0
5 41.5 117.0 138.9
0 42.0 89.0 90.4
1 42.0 109.0 125.0
2 42.0 129.0 90.4
3 42.0 175.0 90.4
4 42.0 129.8 108.0
5 42.0 117.0 139.8
0 42.5 89.0 90.4
1 42.5 109.0 125.0
2 42.5 129.0 90.4
3 42.5 175.0 90.4
4 42.5 130.8 108.0
5 42.5 117.0 140.8
0 43.0 89.0 90.4
1 43.0 109.0 125.0
2 43.0 129.0 90.4
3 43.0 175.0 90.4
4 43.0 131.7 108.0
5 43.0 117.0 141.7
0 43.5 89.0 90.4
1 43.5 109.0 125.0
2 43.5 129.0 90.4
3 43.5 175.0 90.4
4 43.5 132.7 108.0
5 43.5 117.0 142.7
0 44.0 89.0 90.4
1 44.0 109.0 125.0
2 44.0 129.0 90.4
3 44.0 175.0 90.4
4 44.0 133.6 108.0
5 44.0 117.0 143.6
0 44.5 89.0 90.4
1 44.5 109.0 125.0
2 44.5 129.0 90.4
3 44.5 175.0 90.4
4 44.5 134.6 108.0
5 44.5 117.0 144.6
0 45.0 89.0 90.4
1 45.0 109.0 125.0
2 45.0 129.0 90.4
3 45.0 175.0 90.4
4 45.0 135.5 108.0
5 45.0 117.0 145.5
0 45.5 89.0 90.4
1 45.5 109.0 125.0
2 45.5 129.0 90.4
3 45.5 175.0 90.4
4 45.5 136.5 108.0
5 45.5 117.0 146.4
0 46.0 89.0 90.4
1 46.0 109.0 125.0
2 46.0 129.0 90.4
3 46.0 175.0 90.4
4 46.0 137.4 108.0
5 46.0 117.0 147.4
0 46.5 89.0 90.4
1 46.5 109.0 125.0
2 46.5 129.0 90.4
3 46.5 175.0 90.4
4 46.5 138.4 108.0
5 46.5 117.0 148.3
0 47.0 89.0 90.4
1 47.0 109.0 125.0
2 47.0 129.0 90.4
3 47.0 175.0 90.4
4 47.0 139.3 108.0
5 47.0 117.0 149.3
0 47.5 89.0 90.4
1 47.5 109.0 125.0
2 47.5 129.0 90.4
3 47.5 175.0 90.4
4 47.5 140.3 108.0
5 47.5 117.0 150.2
0 48.0 89.0 90.4
1 48.0 109.0 125.0
2 48.0 129.0 90.4
3 48.0 175.0 90.4
4 48.0 141.2 108.0
5 48.0 117.0 151.2
0 48.5 89.0 90.4
1 48.5 109.0 125.0
2 48.5 129.0 90.4
3 48.5 175.0 90.4
4 48.5 142.2 108.0
5 48.5 117.0 152.1
0 49.0 89.0 90.4
1 49.0 109.0 125.0
2 49.0 129.0 90.4
3 49.0 175.0 90.4
4 49.0 143.1 108.0
5 49.0 117.0 153.1
0 49.5 89.0 90.4
1 49.5 109.0 125.0
2 49.5 129.0 90.4
3 49.5 175.0 90.4
4 49.5 144.1 108.0
5 49.5 117.0 154.0
0 50.0 89.0 90.4
1 50.0 109.0 125.0
2 50.0 129.0 90.4
3 50.0 175.0 90.4
4 50.0 145.0 108.0
5 50.0 117.0 155.0
0 50.5 89.0 90.4
1 50.5 109.0 125.0
2 50.5 129.0 90.4
3 50.5 175.0 90.4
4 50.5 146.0 108.0
5 50.5 117.0 155.0
0 51.0 89.0 90.4
1 51.0 109.0 125.0
2 51.0 129.0 90.4
3 51.0 175.0 90.4
4 51.0 146.9 108.0
5 51.0 117.0 154.0
0 51.5 89.0 90.4
1 51.5 109.0 125.0
2 51.5 129.0 90.4
3 51.5 175.0 90.4
4 51.5 147.8 108.0
5 51.5 117.0 153.1
0 52.0 89.0 90.4
1 52.0 109.0 125.0
2 52.0 129.0 90.4
3 52.0 175.0 90.4
4 52.0 148.8 108.0
5 52.0 117.0 152.1
0 52.5 89.0 90.4
1 52.5 109.0 125.0
2 52.5 129.0 90.4
3 52.5 175.0 90.4
4 52.5 149.7 108.0
5 52.5 117.0 151.2
0 53.0 89.0 90.4
1 53.0 109.0 125.0
2 53.0 129.0 90.4
3 53.0 175.0 90.4
4 53.0 150.7 108.0
5 53.0 117.0 150.2
0 53.5 89.0 90.4
1 53.5 109.0 125.0
2 53.5 129.0 90.4
3 53.5 175.0 90.4
4 53.5 151.6 108.0
5 53.5 117.0 149.3
0 54.0 89.0 90.4
1 54.0 109.0 125.0
2 54.0 129.0 90.4
3 54.0 175.0 90.4
4 54.0 152.6 108.0
5 54.0 117.0 148.3
0 54.5 89.0 90.4
1 54.5 109.0 125.0
2 54.5 129.0 90.4
3 54.5 175.0 90.4
4 54.5 153.5 108.0
5 54.5 117.0 147.4
0 55.0 89.0 90.4
1 55.0 109.0 125.0
2 55.0 129.0 90.4
3 55.0 175.0 90.4
4 55.0 154.5 108.0
5 55.0 117.0 146.4
0 55.5 89.0 90.4
1 55.5 109.0 125.0
2 55.5 129.0 90.4
3 55.5 175.0 90.4
4 55.5 155.4 108.0
5 55.5 117.0 145.5
0 56.0 89.0 90.4
1 56.0 109.0 125.0
2 56.0 129.0 90.4
3 56.0 175.0 90.4
4 56.0 156.4 108.0
5 56.0 117.0 144.6
0 56.5 89.0 90.4
1 56.5 109.0 125.0
2 56.5 129.0 90.4
3 56.5 175.0 90.4
4 56.5 157.3 108.0
5 56.5 117.0 143.6
0 57.0 89.0 90.4
1 57.0 109.0 125.0
2 57.0 129.0 90.4
3 57.0 175.0 90.4
4 57.0 158.3 108.0
5 57.0 117.0 142.7
0 57.5 89.0 90.4
1 57.5 109.0 125.0
2 57.5 129.0 90.4
3 57.5 175.0 90.4
4 57.5 159.2 108.0
5 57.5 117.0 141.7
0 58.0 89.0 90.4
1 58.0 109.0 125.0
2 58.0 129.0 90.4
3 58.0 175.0 90.4
4 58.0 160.2 108.0
5 58.0 117.0 140.8
0 58.5 89.0 90.4
1 58.5 109.0 125.0
2 58.5 129.0 90.4
3 58.5 175.0 90.4
4 58.5 161.1 108.0
5 58.5 117.0 139.8
0 59.0 89.0 90.4
1 59.0 109.0 125.0
2 59.0 129.0 90.4
3 59.0 175.0 90.4
4 59.0 162.1 108.0
5 59.0 117.0 138.9
0 59.5 89.0 90.4
1 59.5 109.0 125.0
2 59.5 129.0 90.4
3 59.5 175.0 90.4
4 59.5 163.0 108.0
5 59.5 117.0 137.9
0 60.0 89.0 90.4
1 60.0 109.0 125.0
2 60.0 129.0 90.4
3 60.0 175.0 90.4
4 60.0 164.0 108.0
5 60.0 117.0 137.0
0 60.5 89.0 90.4
1 60.5 109.0 125.0
2 60.5 129.0 90.4
3 60.5 175.0 90.4
4 60.5 164.9 108.0
5 60.5 117.0 136.0
0 61.0 89.0 90.4
1 61.0 109.0 125.0
2 61.0 129.0 90.4
3 61.0 175.0 90.4
4 61.0 165.9 108.0
5 61.0 117.0 135.1
0 61.5 89.0 90.4
1 61.5 109.0 125.0
2 61.5 129.0 90.4
3 61.5 175.0 90.4
4 61.5 166.8 108.0
5 61.5 117.0 134.1
0 62.0 89.0 90.4
1 62.0 109.0 125.0
2 62.0 129.0 90.4
3 62.0 175.0 90.4
4 62.0 167.8 108.0
5 62.0 117.0 133.2
0 62.5 89.0 90.4
1 62.5 109.0 125.0
2 62.5 129.0 90.4
3 62.5 175.0 90.4
4 62.5 168.7 108.0
5 62.5 117.0 132.2
0 63.0 89.0 90.4
1 63.0 109.0 125.0
2 63.0 129.0 90.4
3 63.0 175.0 90.4
4 63.0 169.7 108.0
5 63.0 117.0 131.3
0 63.5 89.0 90.4
1 63.5 109.0 125.0
2 63.5 129.0 90.4
3 63.5 175.0 90.4
4 63.5 170.6 108.0
5 63.5 117.0 130.3
0 64.0 89.0 90.4
1 64.0 109.0 125.0
2 64.0 129.0 90.4
3 64.0 175.0 90.4
4 64.0 171.6 108.0
5 64.0 117.0 129.4
0 64.5 89.0 90.4
1 64.5 109.0 125.0
2 64.5 129.0 90.4
3 64.5 175.0 90.4
4 64.5 172.5 108.0
5 64.5 117.0 128.4
0 65.0 89.0 90.4
1 65.0 109.0 125.0
2 65.0 129.0 90.4
3 65.0 175.0 90.4
4 65.0 173.5 108.0
5 65.0 117.0 127.5
0 65.5 89.0 90.4
1 65.5 109.0 125.0
2 65.5 129.0 90.4
3 65.5 175.0 90.4
4 65.5 174.4 108.0
5 65.5 117.0 126.5
0 66.0 89.0 90.4
1 66.0 109.0 125.0
2 66.0 129.0 90.4
3 66.0 175.0 90.4
4 66.0 175.0 108.0
5 66.0 117.0 125.6
0 66.5 89.0 90.4
1 66.5 109.0 125.0
2 66.5 129.0 90.4
3 66.5 175.0 90.4
4 66.5 174.1 108.0
5 66.5 117.0 124.6
0 67.0 89.0 90.4
1 67.0 109.0 125.0
2 67.0 129.0 90.4
3 67.0 175.0 90.4
4 67.0 173.1 108.0
5 67.0 117.0 123.7
0 67.5 89.0 90.4
1 67.5 109.0 125.0
2 67.5 129.0 90.4
3 67.5 175.0 90.4
4 67.5 172.2 108.0
5 67.5 117.0 122.7
0 68.0 89.0 90.4
1 68.0 109.0 125.0
2 68.0 129.0 90.4
3 68.0 175.0 90.4
4 68.0 171.2 108.0
5 68.0 117.0 121.8
0 68.5 89.0 90.4
1 68.5 109.0 125.0
2 68.5 129.0 90.4
3 68.5 175.0 90.4
4 68.5 170.3 108.0
5 68.5 117.0 120.8
0 69.0 89.0 90.4
1 69.0 109.0 125.0
2 69.0 129.0 90.4
3 69.0 175.0 90.4
4 69.0 169.3 108.0
5 69.0 117.0 119.9
0 69.5 89.0 90.4
1 69.5 109.0 125.0
2 69.5 129.0 90.4
3 69.5 175.0 90.4
4 69.5 168.4 108.0
5 69.5 117.0 118.9
0 70.0 89.0 90.4
1 70.0 109.0 125.0
2 70.0 129.0 90.4
3 70.0 175.0 90.4
4 70.0 167.4 108.0
5 70.0 117.0 118.0
0 70.5 89.0 90.4
1 70.5 109.0 125.0
2 70.5 129.0 90.4
3 70.5 175.0 90.4
4 70.5 166.5 108.0
5 70.5 117.0 117.0
0 71.0 89.0 90.4
1 71.0 109.0 125.0
2 71.0 129.0 90.4
3 71.0 175.0 90.4
4 71.0 165.5 108.0
5 71.0 117.0 116.1
0 71.5 89.0 90.4
1 71.5 109.0 125.0
2 71.5 129.0 90.4
3 71.5 175.0 90.4
4 71.5 164.6 108.0
5 71.5 117.0 115.1
0 72.0 89.0 90.4
1 72.0 109.0 125.0
2 72.0 129.0 90.4
3 72.0 175.0 90.4
4 72.0 163.6 108.0
5 72.0 117.0 114.2
0 72.5 89.0 90.4
1 72.5 109.0 125.0
2 72.5 129.0 90.4
3 72.5 175.0 90.4
4 72.5 162.7 108.0
5 72.5 117.0 113.2
0 73.0 89.0 90.4
1 73.0 109.0 125.0
2 73.0 129.0 90.4
3 73.0 175.0 90.4
4 73.0 161.7 108.0
5 73.0 117.0 112.3
0 73.5 89.0 90.4
1 73.5 109.0 125.0
2 73.5 129.0 90.4
3 73.5 175.0 90.4
4 73.5 160.8 108.0
5 73.5 117.0 111.3
0 74.0 89.0 90.4
1 74.0 109.0 125.0
2 74.0 129.0 90.4
3 74.0 175.0 90.4
4 74.0 159.8 108.0
5 74.0 117.0 110.4
0 74.5 89.0 90.4
1 74.5 109.0 125.0
2 74.5 129.0 90.4
3 74.5 175.0 90.4
4 74.5 158.9 108.0
5 74.5 117.0 109.4
0 75.0 89.0 90.4
1 75.0 109.0 125.0
2 75.0 129.0 90.4
3 75.0 175.0 90.4
4 75.0 157.9 108.0
5 75.0 117.0 108.5
0 75.5 89.0 90.4
1 75.5 109.0 125.0
2 75.5 129.0 90.4
3 75.5 175.0 90.4
4 75.5 157.0 108.0
5 75.5 117.0 107.5
0 76.0 89.0 90.4
1 76.0 109.0 125.0
2 76.0 129.0 90.4
3 76.0 175.0 90.4
4 76.0 156.0 108.0
5 76.0 117.0 106.6
0 76.5 89.0 90.4
1 76.5 109.0 125.0
2 76.5 129.0 90.4
3 76.5 175.0 90.4
4 76.5 155.1 108.0
5 76.5 117.0 105.6
0 77.0 89.0 90.4
1 77.0 109.0 125.0
2 77.0 129.0 90.4
3 77.0 175.0 90.4
4 77.0 154.1 108.0
5 77.0 117.0 104.7
0 77.5 89.0 90.4
1 77.5 109.0 125.0
2 77.5 129.0 90.4
3 77.5 175.0 90.4
4 77.5 153.2 108.0
5 77.5 117.0 103.7
0 78.0 89.0 90.4
1 78.0 109.0 125.0
2 78.0 129.0 90.4
3 78.0 175.0 90.4
4 78.0 152.2 108.0
5 78.0 117.0 102.8
0 78.5 89.0 90.4
1 78.5 109.0 125.0
2 78.5 129.0 90.4
3 78.5 175.0 90.4
4 78.5 151.3 108.0
5 78.5 117.0 101.8
0 79.0 89.0 90.4
1 79.0 109.0 125.0
2 79.0 129.0 90.4
3 79.0 175.0 90.4
4 79.0 150.3 108.0
5 79.0 117.0 100.9
0 79.5 89.0 90.4
1 79.5 109.0 125.0
2 79.5 129.0 90.4
3 79.5 175.0 90.4
4 79.5 149.4 108.0
5 79.5 117.0 99.9
0 80.0 89.0 90.4
1 80.0 109.0 125.0
2 80.0 129.0 90.4
3 80.0 175.0 90.4
4 80.0 148.4 108.0
5 80.0 117.0 99.0
0 80.5 89.0 90.4
1 80.5 109.0 125.0
2 80.5 129.0 90.4
3 80.5 175.0 90.4
4 80.5 147.5 108.0
5 80.5 117.0 98.0
0 81.0 89.0 90.4
1 81.0 109.0 125.0
2 81.0 129.0 90.4
3 81.0 175.0 90.4
4 81.0 146.5 108.0
5 81.0 117.0 97.1
0 81.5 89.0 90.4
1 81.5 109.0 125.0
2 81.5 129.0 90.4
3 81.5 175.0 90.4
4 81.5 145.6 108.0
5 81.5 117.0 96.1
0 82.0 89.0 90.4
1 82.0 109.0 125.0
2 82.0 129.0 90.4
3 82.0 175.0 90.4
4 82.0 144.6 108.0
5 82.0 117.0 95.2
0 82.5 89.0 90.4
1 82.5 109.0 125.0
2 82.5 129.0 90.4
3 82.5 175.0 90.4
4 82.5 143.7 108.0
5 82.5 117.0 94.2
0 83.0 89.0 90.4
1 83.0 109.0 125.0
2 83.0 129.0 90.4
3 83.0 175.0 90.4
4 83.0 142.7 108.0
5 83.0 117.0 93.3
0 83.5 89.0 90.4
1 83.5 109.0 125.0
2 83.5 129.0 90.4
3 83.5 175.0 90.4
4 83.5 141.8 108.0
5 83.5 117.0 92.3
0 84.0 89.0 90.4
1 84.0 109.0 125.0
2 84.0 129.0 90.4
3 84.0 175.0 90.4
4 84.0 140.8 108.0
5 84.0 117.0 91.4
0 84.5 89.0 90.4
1 84.5 109.0 125.0
2 84.5 129.0 90.4
3 84.5 175.0 90.4
4 84.5 139.9 108.0
5 84.5 117.0 90.4
0 85.0 89.0 90.4
1 85.0 109.0 125.0
2 85.0 129.0 90.4
3 85.0 175.0 90.4
4 85.0 138.9 108.0
5 85.0 117.0 89.5
0 85.5 89.0 90.4
1 85.5 109.0 125.0
2 85.5 129.0 90.4
3 85.5 175.0 90.4
4 85.5 138.0 108.0
5 85.5 117.0 88.5
0 86.0 89.0 90.4
1 86.0 109.0 125.0
2 86.0 129.0 90.4
3 86.0 175.0 90.4
4 86.0 137.0 108.0
5 86.0 117.0 87.6
0 86.5 89.0 90.4
1 86.5 109.0 125.0
2 86.5 129.0 90.4
3 86.5 175.0 90.4
4 86.5 136.1 108.0
5 86.5 117.0 86.6
0 87.0 89.0 90.4
1 87.0 109.0 125.0
2 87.0 129.0 90.4
3 87.0 175.0 90.4
4 87.0 135.1 108.0
5 87.0 117.0 85.7
0 87.5 89.0 90.4
1 87.5 109.0 125.0
2 87.5 129.0 90.4
3 87.5 175.0 90.4
4 87.5 134.2 108.0
5 87.5 117.0 84.7
0 88.0 89.0 90.4
1 88.0 109.0 125.0
2 88.0 129.0 90.4
3 88.0 175.0 90.4
4 88.0 133.2 108.0
5 88.0 117.0 83.8
0 88.5 89.0 90.4
1 88.5 109.0 125.0
2 88.5 129.0 90.4
3 88.5 175.0 90.4
4 88.5 132.3 108.0
5 88.5 117.0 82.8
0 89.0 89.0 90.4
1 89.0 109.0 125.0
2 89.0 129.0 90.4
3 89.0 175.0 90.4
4 89.0 131.3 108.0
5 89.0 117.0 81.9
0 89.5 89.0 90.4
1 89.5 109.0 125.0
2 89.5 129.0 90.4
3 89.5 175.0 90.4
4 89.5 130.4 108.0
5 89.5 117.0 80.9
0 90.0 89.0 90.4
1 90.0 109.0 125.0
2 90.0 129.0 90.4
3 90.0 175.0 90.4
4 90.0 129.4 108.0
5 90.0 117.0 80.0
0 90.5 89.0 90.4
1 90.5 109.0 125.0
2 90.5 129.0 90.4
3 90.5 175.0 90.4
4 90.5 128.5 108.0
5 90.5 117.0 79.0
0 91.0 89.0 90.4
1 91.0 109.0 125.0
2 91.0 129.0 90.4
3 91.0 175.0 90.4
4 91.0 127.5 108.0
5 91.0 117.0 78.1
0 91.5 89.0 90.4
1 91.5 109.0 125.0
2 91.5 129.0 90.4
3 91.5 175.0 90.4
4 91.5 126.6 108.0
5 91.5 117.0 77.1
0 92.0 89.0 90.4
1 92.0 109.0 125.0
2 92.0 129.0 90.4
3 92.0 175.0 90.4
4 92.0 125.6 108.0
5 92.0 117.0 76.2
0 92.5 89.0 90.4
1 92.5 109.0 125.0
2 92.5 129.0 90.4
3 92.5 175.0 90.4
4 92.5 124.7 108.0
5 92.5 117.0 75.2
0 93.0 89.0 90.4
1 93.0 109.0 125.0
2 93.0 129.0 90.4
3 93.0 175.0 90.4
4 93.0 123.7 108.0
5 93.0 117.0 74.3
0 93.5 89.0 90.4
1 93.5 109.0 125.0
2 93.5 129.0 90.4
3 93.5 175.0 90.4
4 93.5 122.8 108.0
5 93.5 117.0 73.3
0 94.0 89.0 90.4
1 94.0 109.0 125.0
2 94.0 129.0 90.4
3 94.0 175.0 90.4
4 94.0 121.8 108.0
5 94.0 117.0 72.4
0 94.5 89.0 90.4
1 94.5 109.0 125.0
2 94.5 129.0 90.4
3 94.5 175.0 90.4
4 94.5 120.9 108.0
5 94.5 117.0 71.4
0 95.0 89.0 90.4
1 95.0 109.0 125.0
2 95.0 129.0 90.4
3 95.0 175.0 90.4
4 95.0 119.9 108.0
5 95.0 117.0 70.5
0 95.5 89.0 90.4
1 95.5 109.0 125.0
2 95.5 129.0 90.4
3 95.5 175.0 90.4
4 95.5 119.0 108.0
5 95.5 117.0 69.5
0 96.0 89.0 90.4
1 96.0 109.0 125.0
2 96.0 129.0 90.4
3 96.0 175.0 90.4
4 96.0 118.0 108.0
5 96.0 117.0 68.6
0 96.5 89.0 90.4
1 96.5 109.0 125.0
2 96.5 129.0 90.4
3 96.5 175.0 90.4
4 96.5 117.1 108.0
5 96.5 117.0 67.6
0 97.0 89.0 90.4
1 97.0 109.0 125.0
2 97.0 129.0 90.4
3 97.0 175.0 90.4
4 97.0 116.1 108.0
5 97.0 117.0 66.7
0 97.5 89.0 90.4
1 97.5 109.0 125.0
2 97.5 129.0 90.4
3 97.5 175.0 90.4
4 97.5 115.2 108.0
5 97.5 117.0 65.7
0 98.0 89.0 90.4
1 98.0 109.0 125.0
2 98.0 129.0 90.4
3 98.0 175.0 90.4
4 98.0 114.2 108.0
5 98.0 117.0 64.8
0 98.5 89.0 90.4
1 98.5 109.0 125.0
2 98.5 129.0 90.4
3 98.5 175.0 90.4
4 98.5 113.3 108.0
5 98.5 117.0 63.8
0 99.0 89.0 90.4
1 99.0 109.0 125.0
2 99.0 129.0 90.4
3 99.0 175.0 90.4
4 99.0 112.3 108.0
5 99.0 117.0 62.9
0 99.5 89.0 90.4
1 99.5 109.0 125.0
2 99.5 129.0 90.4
3 99.5 175.0 90.4
4 99.5 111.4 108.0
5 99.5 117.0 61.9
0 100.0 89.0 90.4
1 100.0 109.0 125.0
2 100.0 129.0 90.4
3 100.0 175.0 90.4
4 100.0 110.4 108.0
5 100.0 117.0 61.0
0 100.5 89.0 90.4
1 100.5 109.0 125.0
2 100.5 129.0 90.4
3 100.5 175.0 90.4
4 100.5 109.5 108.0
5 100.5 117.0 60.0
0 101.0 89.0 90.4
1 101.0 109.0 125.0
2 101.0 129.0 90.4
3 101.0 175.0 90.4
4 101.0 108.5 108.0
5 101.0 117.0 60.0
0 101.5 89.0 90.4
1 101.5 109.0 125.0
2 101.5 129.0 90.4
3 101.5 175.0 90.4
4 101.5 107.6 108.0
5 101.5 117.0 61.0
0 102.0 89.0 90.4
1 102.0 109.0 125.0
2 102.0 129.0 90.4
3 102.0 175.0 90.4
4 102.0 106.6 108.0
5 102.0 117.0 61.9
0 102.5 89.0 90.4
1 102.5 109.0 125.0
2 102.5 129.0 90.4
3 102.5 175.0 90.4
4 102.5 105.7 108.0
5 102.5 117.0 62.9
0 103.0 89.0 90.4
1 103.0 109.0 125.0
2 103.0 129.0 90.4
3 103.0 175.0 90.4
4 103.0 104.7 108.0
5 103.0 117.0 63.8
0 103.5 89.0 90.4
1 103.5 109.0 125.0
2 103.5 129.0 90.4
3 103.5 175.0 90.4
4 103.5 103.8 108.0
5 103.5 117.0 64.8
0 104.0 89.0 90.4
1 104.0 109.0 125.0
2 104.0 129.0 90.4
3 104.0 175.0 90.4
4 104.0 102.8 108.0
5 104.0 117.0 65.7
0 104.5 89.0 90.4
1 104.5 109.0 125.0
2 104.5 129.0 90.4
3 104.5 175.0 90.4
4 104.5 101.9 108.0
5 104.5 117.0 66.7
0 105.0 89.0 90.4
1 105.0 109.0 125.0
2 105.0 129.0 90.4
3 105.0 175.0 90.4
4 105.0 100.9 108.0
5 105.0 117.0 67.6
0 105.5 89.0 90.4
1 105.5 109.0 125.0
2 105.5 129.0 90.4
3 105.5 175.0 90.4
4 105.5 100.0 108.0
5 105.5 117.0 68.6
0 106.0 89.0 90.4
1 106.0 109.0 125.0
2 106.0 129.0 90.4
3 106.0 175.0 90.4
4 106.0 99.0 108.0
5 106.0 117.0 69.5
0 106.5 89.0 90.4
1 106.5 109.0 125.0
2 106.5 129.0 90.4
3 106.5 175.0 90.4
4 106.5 98.1 108.0
5 106.5 117.0 70.5
0 107.0 89.0 90.4
1 107.0 109.0 125.0
2 107.0 129.0 90.4
3 107.0 175.0 90.4
4 107.0 97.1 108.0
5 107.0 117.0 71.4
0 107.5 89.0 90.4
1 107.5 109.0 125.0
2 107.5 129.0 90.4
3 107.5 175.0 90.4
4 107.5 96.2 108.0
5 107.5 117.0 72.4
0 108.0 89.0 90.4
1 108.0 109.0 125.0
2 108.0 129.0 90.4
3 108.0 175.0 90.4
4 108.0 95.2 108.0
5 108.0 117.0 73.3
0 108.5 89.0 90.4
1 108.5 109.0 125.0
2 108.5 129.0 90.4
3 108.5 175.0 90.4
4 108.5 94.3 108.0
5 108.5 117.0 74.3
0 109.0 89.0 90.4
1 109.0 109.0 125.0
2 109.0 129.0 90.4
3 109.0 175.0 90.4
4 109.0 93.3 108.0
5 109.0 117.0 75.2
0 109.5 89.0 90.4
1 109.5 109.0 125.0
2 109.5 129.0 90.4
3 109.5 175.0 90.4
4 109.5 92.4 108.0
5 109.5 117.0 76.2
0 110.0 89.0 90.4
1 110.0 109.0 125.0
2 110.0 129.0 90.4
3 110.0 175.0 90.4
4 110.0 91.4 108.0
5 110.0 117.0 77.1
0 110.5 89.0 90.4
1 110.5 109.0 125.0
2 110.5 129.0 90.4
3 110.5 175.0 90.4
4 110.5 90.5 108.0
5 110.5 117.0 78.1
0 111.0 89.0 90.4
1 111.0 109.0 125.0
2 111.0 129.0 90.4
3 111.0 175.0 90.4
4 111.0 89.5 108.0
5 111.0 117.0 79.0
0 111.5 89.0 90.4
1 111.5 109.0 125.0
2 111.5 129.0 90.4
3 111.5 175.0 90.4
4 111.5 88.6 108.0
5 111.5 117.0 80.0
0 112.0 89.0 90.4
1 112.0 109.0 125.0
2 112.0 129.0 90.4
3 112.0 175.0 90.4
4 112.0 87.6 108.0
5 112.0 117.0 80.9
0 112.5 89.0 90.4
1 112.5 109.0 125.0
2 112.5 129.0 90.4
3 112.5 175.0 90.4
4 112.5 86.7 108.0
5 112.5 117.0 81.9
0 113.0 89.0 90.4
1 113.0 109.0 125.0
2 113.0 129.0 90.4
3 113.0 175.0 90.4
4 113.0 85.7 108.0
5 113.0 117.0 82.8
0 113.5 89.0 90.4
1 113.5 109.0 125.0
2 113.5 129.0 90.4
3 113.5 175.0 90.4
4 113.5 84.8 108.0
5 113.5 117.0 83.8
0 114.0 89.0 90.4
1 114.0 109.0 125.0
2 114.0 129.0 90.4
3 114.0 175.0 90.4
4 114.0 83.8 108.0
5 114.0 117.0 84.7
0 114.5 89.0 90.4
1 114.5 109.0 125.0
2 114.5 129.0 90.4
3 114.5 175.0 90.4
4 114.5 82.9 108.0
5 114.5 117.0 85.7
0 115.0 89.0 90.4
1 115.0 109.0 125.0
2 115.0 129.0 90.4
3 115.0 175.0 90.4
4 115.0 81.9 108.0
5 115.0 117.0 86.6
0 115.5 89.0 90.4
1 115.5 109.0 125.0
2 115.5 129.0 90.4
3 115.5 175.0 90.4
4 115.5 81.0 108.0
5 115.5 117.0 87.6
0 116.0 89.0 90.4
1 116.0 109.0 125.0
2 116.0 129.0 90.4
3 116.0 175.0 90.4
4 116.0 80.0 108.0
5 116.0 117.0 88.5
0 116.5 89.0 90.4
1 116.5 109.0 125.0
2 116.5 129.0 90.4
3 116.5 175.0 90.4
4 116.5 79.1 108.0
5 116.5 117.0 89.5
0 117.0 89.0 90.4
1 117.0 109.0 125.0
2 117.0 129.0 90.4
3 117.0 175.0 90.4
4 117.0 78.1 108.0
5 117.0 117.0 90.4
0 117.5 89.0 90.4
1 117.5 109.0 125.0
2 117.5 129.0 90.4
3 117.5 175.0 90.4
4 117.5 77.2 108.0
5 117.5 117.0 91.4
0 118.0 89.0 90.4
1 118.0 109.0 125.0
2 118.0 129.0 90.4
3 118.0 175.0 90.4
4 118.0 76.2 108.0
5 118.0 117.0 92.3
0 118.5 89.0 90.4
1 118.5 109.0 125.0
2 118.5 129.0 90.4
3 118.5 175.0 90.4
4 118.5 75.3 108.0
5 118.5 117.0 93.3
0 119.0 89.0 90.4
1 119.0 109.0 125.0
2 119.0 129.0 90.4
3 119.0 175.0 90.4
4 119.0 74.3 108.0
5 119.0 117.0 94.2
0 119.5 89.0 90.4
1 119.5 109.0 125.0
2 119.5 129.0 90.4
3 119.5 175.0 90.4
4 119.5 73.4 108.0
5 119.5 117.0 95.2
0 120.0 89.0 90.4
1 120.0 109.0 125.0
2 120.0 129.0 90.4
3 120.0 175.0 90.4
4 120.0 72.4 108.0
5 120.0 117.0 96.1
